review,rating
"Alhamdulillah barang ny datang dengan selamat tnpa ada krusakn , barang ny bagus .
saya suka
",5
Kualitas sesuai harga.. Tapi cantik kok dan bagus.. Saran lebih di percepat lagi proses pengirimannya lebih bagus 2-3 hari sudah sampai,5
puas,5
bagus,5
cantikk😘,5
"Tasnya bagus bahkan jauh lebih bagus dari gambarnya.
pokoknya puas banget👍
makasih buat anandabagshop, ini udh kedua kalinya saya belanja di toko ini dan selalu bikin hati senang😊",5
"tas nya bagus bangttt 😍😍 makasih ya Kaka lazada ..

",5
saya suka banget tas nya realpict banget pokonya recommended banget mksh lazada Dan seller top ga nyesel blanja dsini kurirnya juga ramah,5
"sepatu nya ok bagus tidak ada yg cacat 
.cuman saya kecewa nya kekecilan 
.saya minta no 39 tpi di sini gx ada no nya sempit banget dan kardus nya penyok""
.terima kasih lazada tolong di perbaiki lagi ya 
.saya kasih bintang 3 ajj dullu ",3
"barang bagus dan sesuai
",5
"barang nya sudah sampai tigany2 ,,dg harga sgtu lumayan bagus tidak mngecewakan 😍👍 thankz lazada dan bagshop nya moga selalu amanah🙏🙏😊😊",5
suka bgdd ma taznya realfick bgdd lach pokonya.. makasih seller dan Lazada pertahankan truz buat kualitas ny..,5
"Alhamdulillah barangnnya udah smpai . Cpt bgt ,puas kok dgn brngnya.  Sesuai jga sma hrganya tp syg bros nya copot.  Tp gpp mgkn cpot d prjalann . Udah bbrapa x blnja d lazada alhamdulillah gk prnah kcwa.  Tq lazada.  ",5
terima kasih barang nya udh d terima barang nya bgs tidak kecewa mkas lazada saya ska,5
Alhamdulillah tasx cantik banget realpict mantul pokokx deh...👍👍👍👍👍,5
"paket udah udah sampai
tas nya real pick ... aq suka 😍😍😍
thank Yach lazada, semoga seperti ini seterusnya
",5
tas nya bagus tapi kecil aku kira gede kurir baik,4
"maaf telat kasih ulasan, alhamdulillah bagus lah saya suka",5
syuka bngt😍😍,5
"kualitas barang sangat jelek, seperti obral di pasaran
saya saran kan gk usah beli barang di sini rugi
kurir ninja pun pengiriman nya tdk tepat waktu tolong lazada tingkat kan kualitas barang yg di jual",1
"yang warna hitam kecill,, yang wrna putih besar,  aneh",3
tasnya kecil bahannya kaku dompetnya kaku jam tangannya kulitnya cepet rusak tapi lumayan lah buat anak gadis,3
tas nya bagus realpict sangat memuaskan😘 dapat bonusnya juga aku sukaaa belanja disini terimakasih💙💙,5
"Real pict. Bagus cmn kecewa rets.x rusak😞 klo ulng lebih teliti lagi,slx packinganya bagus tdk rusak.",4
Bagus banget real pict puas blanja dsni mewah tas nya..ini langsung pesan lg 3 sukses terus buat seler nya.. Kurir udah langganan ramah baik the best pokonya blanja dsni ,5
"alhmdlilah brang nya dh dtang real pick bngt brang nya dan pngiriman lbih cpat,,mksh lazada ",4
brang nya udh nype lmyan buat hrg sgtu sy puas ,5
terimakasih kaka sesuai pesanan,5
"kualitas sesuai harga 
lumayan bagus sih 👍
",5
puas deh pokok nya,5
alhamdulilah tasnya udah sampai dengan selamat kulirnya ramai baik hati top deh ,5
ok lah..dengan harga segitu😉,5
barang bagus seuai gambar cantik pengiriman pun rapi dan cepat😊😊😊,5
"Mantul
Pengirimannya cepet bgt kirain sampai nunggu seminggu eh taunya enggak
",5
sangat senang sekali mantul deh ...,5
mantap jiwa sangat memuaskan...,5
"lumayan dgn harga segitu,,makasih lazada dikasih bonus bros nya,,",4
"tas sesuai pesanan, cm sampainya agak telat, trimksh Lazada",5
"mantul abissssss.....kren kk...pertahan kan
 abank kurirnya baik bngat dan  udah langganan jg...!",5
sesuai pesanan suka bgt thankz 👍🙏,5
Thanks ka barang udah di terima ,5
mksh tas nya bagus tdk mengecewakn,5
"Keren abis
",5
"udah 2 x pesan,hasil nya memuaskan kurir baik",5
bagus,5
kirain besar ternyata kecil tapi cantik dan imut makasih,5
brang'y bgus bgt..g nyesel deh bli'y..mksih lazada mksh bang kurir'y...,5
tasnya bagus,5
buangetttt dwh bagusny,5
bagus banget tas nya,5
"brng bagus ,,, terimakasih jg kakak dpt Bros , pokoknya puas bisa hd langganan ku",5
"brang nya bgus gc kecewa,,,kurirnya juga ramah",5
mkasih lazada real pick,5
puas banget blnja d lazada,5
tasny kecil mbak,5
Terima kasih...tasx keren...,5
bagus suka bget tas.a,5
bagus sich tp kecil banget cocok buat anak2 klo buat ibu-ibu beli yg agak besar dikit,5
terima kasih tasnya bagus mantull lah,5
"digmbar besar, aslinya sedg, tpi mntaf",3
"sangat bagus ,,😍😍 saya suka ",5
"realpic bgt
suka sgt
mkch min",5
terimakasih barangnya sudah sampe...,4
bagus tasnya sesuai yg diinginkan ,5
"sangat bagus tas nya 😊😊 masih Reseler , respon sangat baik juga,, ",5
"👍👍👍👍 mantap , tas ny ok banget ",5
okk barng ny cukup bgus..sesuai harga,5
 tasnya bagus bngt aku  suka trima lazads,5
Bagus tasnya,5
Tas nya oke banget deh,5
Barang real pict banget baguss,5
"Respon penjual baik , barang sesuai dengan harga , pengiriman cepat banget .. 👍👍👍",5
Cukup memuaskn tks smw,4
sangat puas dgn kualitasnya hanx sdkt kecewa karna ukuran trllu kecil,5
Mantap deh tas nya 😍,5
"lumayan bagus lah ...

",5
"Lumayan lah,cm tasnya kecil,kurirnya ramah",3
"Barang lengkap.. 
Lumayan dengan harga segituu",5
"bagus sesuai hargaa, namanya juga paket murah.... ",5
Kirain gede tasnya,5
Asli bagus banget ,5
"Sangaat puas
Maksih lazada",5
Tas bagus  aku sukaaaa,5
"cust ku senang,karna sepaket itu bagus bahan nya",5
Tas nya bgs cm jam nya mati,4
Lumayan lah,5
good  bakal langganan ,5
pengembalian dana di lazada prosesnya lambat banget. jgn pernah belanja di lazada,1
realpict,5
barang ,1
Bagus,3
Realfick,5
bagus,5
Good,5
Lumayan,3
mantu ,5
Terima🙏💕,5
cucooo say,5
suka .☺☺,5
mantulll,5
Memuaskan,4
