review,rating
"paket dh sampe dgn aman,kurir espres biasa sampe siang. ini pagi dh sya terima paketnya",5
