review,rating
"bagus, rapi,cepat. terimakasih",5
