review,rating
recommended seller,5
"mantap...sesuai pesanan...pengiriman lebih cepat
",5
