review,rating
memuaskan kurirnya jg ramah tp kantong asinya ngak ada pdhal ktanya ada free kantong Asi dsna dtulis...,4
