review,rating
"Terimakasih ka.., paket pesanan sy sdh sampai & gelangnya real pict sngt bagus sy menyukainya.., serta kurirnya baik.., slmt sukses ka.., Lazada..😍👍🌹",5
"baru ku dapati toko yg amanah, sesuai permintaan konsumen. gk rugi deh beli d toko Kawan Abadi . mksh jg ms kurir yg baek. smg toko ini sllu laris manis.",5
"lumayanlah kak....dengan harga segitu...
tokony amanah...kurirny ramah...
smngat tokony...smoga lebih baik n sukses kdepanny...
Amin....",4
"gelangnya bagus tuh,  tp dipake buat mandi trs warnanya jd pudar,  saran aja jgn kena air, biar ttp cantik gelangnya, mksh",5
Alhamdllah barang sudah sampai dan sesuai dengan gambar istri saya suka dengan gelang nya terima kasih buat toko nya juga lazada beserta kurir nya yg ramah dan baik..!! ,5
gelang tangannya bagus banget pas ditangan aq....,5
mantuuuul beneran sukaaaaa.gk bisa bilang ap2 kecuali kwalitas top bingiiit,5
bagusss cantikk semoga awet,5
Ini juga real bgt pokokny semoga awet...,5
"barang bagus real pic..toko amanah kurir ramah..pokoknya puas udah 2x belanja ditoko ini.
makasiih..",5
mksh lazada pket nya udh smpai gelang nya bagus2 bnget aku skaaaaa,5
"barang nya bagus,, real pict,, mudah2n gak pudar,, alhamdulillah yg jualan amanah banget",5
keren puasssss😍😍😍😍,5
realpick sukaaa mksih lazada,5
"baguss,real pict,dpt bonus lg..makasi yaa",5
"pinginnya ijo kayak difoto,tp bagus sih aq suka
kurir Langganan",5
barang sdh mendarat dengan baik.gelangnya bagus bangettt .klhtan mewah.. hehe. cm minus anting batu merah nya kebalik .jadi gk klhtan batunya dari depan. tp mksih lazada.,5
"alhamdulilah sukak banget gelang nya realpict, kurir ramah..pengiriman juga cepet, aku beli 2.satu nya buat ibu, ibu juga sukak katanya bagus kaya emas ❤️",5
"Mantuuulll Gan barangnya sesuai dg pesanan saya.
Baik Pembelian yg pertama ataupun pembelian yg kedua kalinya ini.
Fast Respon And Fast Delivery.
Barangnya 5 Pcs + 5 Pcs sudah laku terjual laris manis.",5
udah brkli kli order disini dn blinya 10pcs trs kaadang sampe lebih dan slalu dapaat bonus 😍 kulitas trjamin OK sekali 😍😍😍 jngan ragu order di sini pnjualnya ramah baik amanah jujur pula 😍🙏🏻trimkasi kak,5
"barang nya sesuai bgus bnget ,tpi pengiriman nya lama bnget saya ksih saran jngn pake JNE pke NINJA aja.",5
"barang sudah datang sesuai pesanan, aq suka...mksh seller, kurir yg ramah sudah langganan n lazada 👍",5
gelangnya bagus.sy biasa pke pjg sktr 18.jd cukuplah.&yg biasa pke lebih pjg dr 18 masih bisa dipanjangin kok Krn bisa disetel dicantolin sesuai selera.,4
"bagus banget gelang nya q beli 3 cocok kumplit semua...makasih seller n abang kulir nya baru 
makasih lazada",5
"cantik...😍
Pesen 2 mau nya satu putih,satu merah...tapi dikirim merah 2...tapi gpp cantik,,,jd kembaran ma anak..suka makasih👍👍😁",5
subhanallah cantik cantik gelangnya...aku suka banget...terima kasih toko kawan abadi...pasti aku  langganan di sini terus... makasih lazada,5
"Gelangnya bagus...rantainya halus gk kasar...warnanya juga cerah...syuuukaaa 
Kurirnya juga ramah 
In syaa Allah kalau ada rejeki belanja lagi 😘😘👍👍",5
siip dah ,5
memuaskn,5
Maaf baru sempet kasih ulasan...gelangnya cantik banget...semoga awet dan tidak cepat luntur...packingnya rapih..kurirnya ramah dah jadi langganan nganter paketanku...thanks Lazada bintag 5⭐⭐⭐⭐⭐,5
realpict bgt packing nya rapih SDH jdi langganan bgt aq d toko ini smoga amanah dan mksih bang kurir yg ramah dan baik hati juga lazada maju trussss....,5
"Memuaskan syuka skli lgsg di pke trs mudh2n gk cpt luntur yh aweeet,pengiriman nya jg cpt amanh sllu bwt toko ini tooooop ",5
Realpict bgt aq suka sprti emas bneran dn CPT lgi pngirimannya y smoga gak CPT luntur deh mksih juga bt bang kurir yg baik juga lazada dn tokonya smoga amanah,5
riel bngt sprt gambar sesuai hrg...bagus...mang kurirnya jg udh langganan ga hrs tlp2 nanya almt... thx lazada ,5
gelangnya keren...keren...bguuuuuss sekleeee.....mksih ya ..lazada & sukses sllu toko anda...👍👍👍👍,5
"maaf Bru d ulas ,barang nya oke ,buat kurir nya ramah dan sopan dan udah langganan pula ,,terima kasih",5
"cantik , pengiriman lama atau cepat , itu konsekuensi yg hrus di trima , karna ini belanja online , klo mau cepat ya datang ajah lngsung ke toko nya",5
maaf baru ksih kbar..paket sudh dteng dri kmrin n brang real pic..mkasih kurir lazada n toko gelang.,5
Alhamdulilah paket nya dah nyampe...sesuailah ya dengan harga segitu mah...makasich lazada dan seler nya tambah sukses ya kedepanya pak agung makasich ya cepet banget kirim nya..kurir nya dah langganan...best deh pokok nya...kemasannya pun rapi...,5
"pesanan sudah diterima dan sesuai pesanan. Barang bagus, cuma agak kuning ya emasnya, yg kulitnya putih pasti cocok bgt ini. Makasih dan sukses buat seller",5
barang cantik kali realpik besok pesen lagi deh nyesel cuman pesen satu.mudah mudahan warnnya ngak cpt luntur,5
"Paket nya sudah sampai sesuai gambar dan cepat bgt,,, bagus gelang nya saya suka kurir nya juga sopan mksh lazada",5
paket sudah datang pengiriman cepat dan barang nya bagus aq suka banget mudah2an g luntur.makasi lazada,5
"bagus gelang ny, & yg paling the best nya, aku biasa blnja di lazada,tpi baru X ini order nya kilat banget,pesen cuma 1 hari langsg sampe 👍👍👍👍👍👍👍👍👍👍👍👍👍👍👍👍👍",5
"wooow bngtttt gelang nya baguuus bgggttttt,,ngga nyangka bakal sebagus ini,,anak saya jadinya suka bgttttt,,kurir nya juga slalu ramaj,,makasiiiih LAZADA",5
"pesen yang merah yang dateng ijo,perhatiin donkk min,saya mau pesen lagi juga takut gk sesuai lagi cz next order bwt kado...gelang nya sehh real pick",5
"alhamdulillah realpic,,pengemasan ny jg sngt rapi.
kurir ramah sdh apal karna order di lazada trs..
sukses slalu lazada😊
dan juga toko kawan abadi..trims.",5
katanya buat wanita dewasa tpi ini glngnya kecil banget muat di anak2,5
bagus buaangeettt,5
"bagus bngt gelangnya......,tdk mengecewakan,pengiriman cepet juga......",5
Alhmdllh paketnya dh keterima..bgus banget gelangnya sesuai pesannku.mksh lazada,5
gelang nya bagus,5
"suka barangnya rielpick semuannya,  smga awet ya",5
packing rapi pake bubble wrap...toko amanah barang bagus🤗makasiih lazada😊,5
sesuai pesanan cuma ijo nya beda,5
"mksh ladaza dan toko nya,,paket nya udh sampai 
gelang nya cantik bngeet ",5
ok barang nya bgus bgt puas deh mksih lazada..buat bang kurirnya juga rmah mksih,5
cakep bangt ga nyesel bli dsini,5
mantap pisan ,5
lumayan utk harga.brg jg bagus ak suka.,5
"bagus sesuai pesanan , kurir y jg dah langganan pertahan kan top deh ",5
bagus...udah beberapa hari d paket gak berubah warnanya,5
Baguusssss .. Baguuussss.. Aq syuka syuka pke bangeeetttsss 👍😘,5
bgus ..sukaaa bngt pertahankan kualitas 😄 jangan ragu beli di toko ini top bgt,5
real pick bgt kaya emas 24,5
gelang nyaa cantikk. .makasih 😊😊,5
asli bagus banget harga murah kualitas oke,5
"makasih semuanya, barang udh ku trima, pengirimannya cpat..",5
"alhamdulillah Paketnya suda sampe,..tapi sayang warna hijaunya gk sesuai sama gambar,..asli bagus
Gpp ,...kurirnya baik",5
"RECOMENDED, mantul..
pengiriman cpt, packing pk bublewrap, brng sesuai description.
tx Seller,
tx mz kurir,
tx lazada",5
"Yaay, datang sesuai estimasi. Ini udah kesekian kali aku beli ditoko ini. Barang dalam keadaan rapi tanpa cacat alhamdulilah, jumlahnya juga bener, cuma untuk ukuran beda. aku beli 2 yg hitam lebih kecil dari yang putih. Thanks LAZADA dan TOKO KAWAN ABADI",5
barang nya udh smpe dri kemarin maaf bru sempat ulas. gelang nya bgus bnget. pas dtangan aku. makasih lazada.  trus kurir nya baik seperti biasa pak kurir nya itu lgi. mksih buat kurir nya. ,5
"makasi...barang nya bagus banget ,kaya emas bnerran ,kurir nya juga ramah,toko nya semoga amanah trus ya,biar langganan",5
barang nya bagus sekali..👍,5
"Real pic banget, sangat puas dengan barang nya, tetap menjaga kualitas ya, pak kurir juga rama
Thanks lazada",5
"cepet bangeett,,,,sehari nyamp,,,brg juga okke....👍👍👍sesuai pesanan,sy suka...💞
semoga awt& thn lama.
maksih semuanya....🙏🙏🙏",4
barang dh smpe dh byr ditempat kurir ramah dah langganan jdi dh hafal mas kurir..mksih lazada smoga tidak cpt pudar wrnnya..,5
Alhamdulillah udah samapai pesanan gelang nya cepat banget baru kemarin sekarng udah datang kemaan nya rapih. Gelang nya bagus oke banget trmakasih kazada,5
"luar biasa bagus,sesuai gambar dan sangat cocok dgn warna pacar kukuQu.Thanks seller and lazada.Tetap utamakan kepuasan pelanggan yaaa,biar berkah semuanya.",5
"Gelangnya dah nyampe,lumayan bgs tp ckpny dtngn anak2,,cm cantolanny g pas,mkdh lazada,kurirny dah lnggnsn",5
"Gelangnya bgs bngt,kurirnya juga baik dan sopan...pokoknya puas bngt.Next time order lg,trm ksh lazada....",5
gelangnya bagus sesuai pesanan mksh lazada,5
"Gelangnya sudah mendarat dgn selamat. Syukak bgt, bagus gett gelangnya. Semoga awet yaa, Terimakasih Lazada",5
brg bagus cantik pas hrg flash shale pula mksh lazada n mas kurir,5
"Alhamdulillah Barang udh sampai bagus bgt, sesuai foto, cmn ngepres di tabggan q, tpi is ok bagus bgt",5
barang nya bagus..sesuai dengan yg d gambar.dan mirip dengan emas....makasih lazada...pokoknya g nyesel....,5
Alhamdulillah bagus,5
Makasih lazada gelang ny baguss saya suka,5
gelangnya kcl ,3
bgus gelang nya sma persis kya yg di fto mksih ya pertahan kn biar kongsunen nya g kecewa.mksih lazada klu bgus kya gni bisa jadi langganan.mksih jg kurir nya baik jg ramah.,5
alhamdllh barang cepet yampe nn n sesuai.. kururya pun langganan.. yg baik.. banget.. terima kasih lazada pertahan kan.. k produkya ya,5
"bagus gelang nya kata tetangga ku kya emas kurir ny y lumayan ramah cuma g di anter krumah ktm di jln slebih makasih g ngecewain....thank Lazada 👌👍👍

",5
"suuuuukaaaaa bnget,, brang bgus bnget g siapa siapa blnja d tko ini amanah bnget,,, makasih lazada😘😘😘😘👍😘😘",5
bagus....jadi pengen beli lagi.. barangnya cepet banget datangnya.. kurirnya dah langanan... maksih lazada,5
"Maaf baru ngasih ulasan,,ga prlu di Poto pokonya gelang'a bagus,ga prnh kecewa blanja di lazada,kurirr'a sangat ramah,trmksh",5
"terimaksiii barang sudah sampai lucu lucu , dapet bonuss lagii semoga cpt abiss bisa repeat order lagi",5
paket dah sampe .... sesuai dgn pesannn ...bguss gelang nya sy suka..mksih smga tambh lancar penjualan nya,5
wow...bgs bgt.....makasih lazada.. puas belanja d lazada.......ga pernah kecewa. ,5
Walaupun telat paket sampai tepat waktu barangnya bagus banget ... moga aja GK luntur,5
"mf bru kasih ulasan.  sumpah bgus bgtt aku sk bgt.  pngrimn cpt kurir rmh bgt.  ngg nyesel pkonya mh
 mksh lazada",5
"Paket udah diterima, bagus lovenya yg Putih gede bagus, yg hijaunya kecil tipis. Suka makasih lazada. ",5
Pesann sudh smpe waww sy puas bgt gelang nya bagus sesuai dg gmbar kemasan ny jg rapih...mksih seller nya mksh jg wat lazada...,5
"Bagus banget gelangnya..kaya batu giox aku pesen 2 keren abis..bsok mau pesen lagi warna beda.
Makasih lazada puas belanja disni",5
"gelangnya putus ...dari sananya kayanya .Klo yang putus jangan di jual dong 
kalau gak putus bgs aslinya ",3
"Mkasih Brangnya udh nyampe bagus bngt ga nyesel beli di toko ini, respon seller nya jg  baik tanks lazada Seller N kurir",5
"Barangnya bagus sesuai dengan gambar,cantik,pokoknya puas deh belanja dengan lazada.pengiriman sesuai dengan tanggal tingkatkan lagi kualitas dan pelayannanya",5
"Saya kaga nerima barang nya KK KECEWA, di hp saya infonya, sudah di terima, padahal saya gk nerima paket nya. ",5
lucu gelang'a 😍 thanks seller 'n lazada,5
gelangnya bagus banget aku suka,5
sangat memuaskan....barangx cantik.🥰🥰🥰suka suka banget.😘terimakasih lazada.kurirx sdh langganan.sip pkkx....,5
sesuai gambar sesuai pesanan ..puas blnja disini ,5
"barang nya 
bagus banget saya suka...",5
bagussss bangetttt gelangnya..cantik..pokoknya aq suka bangetttt..biarkan bintang yg berbicara..terima kasih toko kawan abadi dan lazada..gak nyesel dech belanja ditoko kawan abadi.,5
barang tlh diterima dgn baik..kurirnya.baik n bksnyapun rapih  trima kasih ya.g ragu.deh.buat beli lg.,5
"bagus... bagus semua , Yg aku pesan ada 5 macam semua bagus👍👍
Smg laris , lancar usahanya.
terima kasih banyak ya",5
barang bagus sesuai gambar tidak kecewa mantul.kurir baik dan ramah. terima kasih lazada makin senang belanja di lazada,5
"gelanya cakeep bgt,harga nya murah lagi ...tapi warna hijaunya mutiara nya kecil and warna nya gak hijau bgt,tapi klau yg hitm mutiara nya lbh besar dr yg hijau tapi cucok bgt",5
gelang nya bagus bangat dan untuk Abang kurirnya mantap deh makasih yah buat abang kurirnya sukses selalu lazada,5
"aku pesen 6bji dtengx cuma 5bji...
gmna sihh klian mau jualan atw mau apa??
klo barangx kurang hrgax jgn dismain dong sma hrga 6bji..
bkn krnaa uangx yaa yg ga sberapa tpii kecewax itu lohh..diginiin gmna..",1
Bagus sih kyk pny gelang emas asli😅🙈 cm sya udh pny yg silver model sama bbrp bln lalu beli.. yah lmyn lah nti bs utk pergi kondangan😁😁 tq semuanya🙏👍🏼😍,5
besssssssssss,5
bagus sekali 😍😍 makasih lazadaa dan bang kirir nya jga ramahh terimakasih🌹🌹,5
realpict baguss sy sk tks lazada n seller,5
barangnya ok terimakasi....,5
Gelang yg warna putih bngus bnget tapi yg ijo jelek kecewa daj,5
suka gelang bagus puas pokoknya ,5
bagus dan cantik gelangnya,5
"brng sesuai pesanan,, aku sukaaa, mksh",5
hatur nuhun,5
gelangnya bagus sesuai pesanan thanks lazada dan makasih jg buat mas kurirnya,5
"baguss,real pict,dpt bonus lg..makasi yaa",5
Suka bgettt,5
sya ksh bntang 5 mksh sangat amanh kurirnya pun ramah krna sudah langganan mksh barokah slalu ,5
"Realpick
Realpick
",5
"pokoknya sesuai dech sm yng di gambar,👍",5
bagusssssss,5
cakep bangeeett,5
baaagguuussss,5
"gelang nya sangat lucu dan unik
untuk harga segitu sangat memuaskan
",5
Bagus gelangnya....Suka banget,5
realpict🤩🤩🤩,5
barangnya realpict terimakasih Lazada,5
Barangnya udah sampe ditempat anakku suka sekali,5
Terimakasih paketnya udah sampe cantik bangeet,5
Cuantik braceletnya sesuai pic .. thx so much to selller n lazada be succesfull forever ..👍good job ,5
Makasih lazada pesann sdh sampai bagus bgt aslinya smoga awet gk luntur puaas bgt ,5
bagus ya gelang nyaa harganya murah lagihh hhhhhaahhhahahahahahahaha terimakasih kkaaaaaa☺☺☺☺☺☺☺☺☺☺☺☺☺☺☺☺,5
"paket dah sy trima....harga murah tp gk murahan..bagus gelangya...pecking ok...
kurir nya jg dah langgann baik.",5
"Gelangnya cantik2,saya belinya kan 5 pc tp yg 2 batunya besar2 yg tiganya kecil, gpp sich biar beda aja, moga gelangnya awet n tidak cepat hitam atw berkarat,makasih seller,makasih lazada",5
"hallo ses,, gelang yg di kirim ke saya ko bkn merek xuping sih... saya kan psn nya, xuping...bisa tuker nda?",5
bagus bgt gelang yaa.. 😍😍😍,5
mf baru kasih ulasan barangnya bgus realpick saya suka bgt trimakasaih Lazada,5
"bagus,ga kecewa 
kurirnya jg ramah",5
bagus sesuai pesanan.....Kya emas beneran . ok lazada dan kurir nya ,5
Bagus cantik realpict bangetttt 👍,5
"keren pokonamah
",5
gelangnya bagus,5
gelang yah bagus kk sy suka makasih ya,5
bagus banget gelangnya pas aku pakek. pengiriman cepet.,5
bagus banget nyesel cuma beli 1,5
top deh aq suka barang nya bagus ..dah abng kurir nya juga ramah ,5
asli cantik.....sayang rantai love nya putus...,3
Relpic top pokonya,5
"sangattt mmuaskan  
cepet lgi datangnya ❤",5
Bagus..aq langganan di toko ini...sesuai trus yg dipesan Ama yang dikirim...,5
bagus anak sy suka.kurir sdh berlangganan.mkasih lazada,5
Cantik bgt gelang nya mirip emas asli 😘,5
paketan sudah diterima..thanks lazada,5
Cantik gelangny... Kurirny jg c cakep... Pokokny cucok dchh... ,5
TOP cakepp bgtt,5
bagus banget,5
"Trimakasih pesanan sdh smpai,cantik gelang nya,sy puas blanja d Lazada dan toko ini",5
gelang yg sangat cantik untuk harga yg segitu.. 👍👍,5
makasih lazada paketnya sudah sampai..Alhamdulillah barangnya sesuai pesanan .👍👍👍,5
gelangnya syantikk sangat memuaskan😍thanks seller&abang kurir setiakuh😊,5
bagus banget .. suka ,5
sangat puas barang bagus ,5
aku suka barang siiip poko namah,5
bgus banget gelang nya aq suka 😘,5
"Kaget lagi tidur ada yg nganterin paket.. 
Puas barangnya packing nya rapi.. Mas kurir nya langganan.. Thanks ya",5
Terimakash lazada ... Bagus barangnya.. Sesui gambar.. ,5
"Trimakasih barangnya udh kmi terima ,, barang tidak mengecewakn  senang sekli ,,trimksh lazada😘😘😍😍",4
"Bagus bgt murah tp bner bner puas,barangnya keliatan mahal,mudah mudahan tokonya bnyak pelanggandn mkin laris serta bnyak pembeli krna toko ini ngsh barang bagus smua,ypknya jujur jujurdn jujur",5
packingnya si rapih suka juga sm gelangnya sesuai dgn gambarnya tapi sangat disayangkan kurirnya tidak ramah sama sekali..tidak sopan dlm pengiriman tolong lain kali etikanya dipake yaa..,3
Suka banget sama gelangnya,5
"geLangnya Bagusss bgt.. dipakai mandi gak berubah warna.   murahhh bgt.... ya lumayan lah buat pemanis ditangan... puas . syuka SM gelangnya...
mksh seller ngasih gelang harga murahhh tapi gak murahan... ",5
"baguss aku sukak
",5
bagus banget trims lazada,5
"terima kasih kak gelang tangan Mantup banget,seperti mas benaran.d",4
"gelangnya bagus,realpic,kaya mas asli,smga ga cepet luntur",4
pket nya udh dteng bgus bngett,5
gelangnya bagus sy suka sy suka maksih seller makasih lazada makasih jg abg kurir,5
"lucu, mkasii yaa, sukaa💜

yg 1 lg ga sempet ke foto, udhkeburu dipake mmah😅",5
makasih lazada barang nya udah sampai,5
maksih memuaskann banget bagus banget .,5
bagus dan pas di tangan,5
mantul banget....pengiriman jg cepat,5
"Barangnya bagus, ak suka, makasih lazada",5
"thnx Lazada n p kurir nya...paket sdh aku terima...benar""real pic... g nyesel deh...Ok punya",5
"bagus banget , udah pesan kesekian kali nya",5
cantik gelang....sy suka...sy suka...thx lazada,5
bagus mudah2an orderan saya laris makasih lazada ,5
gelang ny bgus aq suka bngt mksh Lazada,5
gelangnya lumayan bagus untuk hrg sgtu 👍,5
gelang nya cantik... mudah2 an awet warnanya... udah seminggu masih oke sii,5
"mf baru ksh ulasan gelang nya bagus bngt,suka",5
Gelang nya cantik sekali .. sangat suka ..😍😙 pengiriman nya juga sangat cepat .. ,5
"lucu banget gelangnya sesuai gambar, pengiriman juga cepat. mksh lazada",5
"paket mendarat sgn baik.
barangnya relpict..
maksih seller",5
"Realpict banget..
Sukaaaa sekali
Kurir ramah..pengiriman cepat
Thanks",5
"bener"" puas 😍",5
bagus,5
barang bagus real pict..cm kurir'a😠 bikin males order kurang 100rupiah ja di jadiin utang pdhal tiap order klo bayar slalu sya lebihin trs,5
"Barang nya, dah smpe dgn slmat,, bagusss gelangnya. Q suka banget,, kurirnya jg ramahh,, mksh lazada",5
"paketan udah nyampe,,gelang nya bguss,,cocok ditangan ku,,kurirnya ramh,,mksh lazada pokonya mantull banget",5
"terimakasih lazda dan toko kawan abadi, barang udah sampe ..buat pak kurir nya mksh dan juga ramah baik pula ...",5
maaf saya terlambat memberikan ulasannya. Gelangnya sdh sampai. Barangnya bagus. Persis seperti gambarnya. Makasih lazada makasih juga dgn tokonya kawan abadi.,5
sesuai,5
sukaa ,5
bgs,5
"bagus 
",5
barang bagus aku suka pingirimanya gj cepet makasih lazada & juga kurir y udh langnganan ,5
"salah beli warna huhuhuuuuuu
",5
"real pick 
lucu
",5
barang nya bagus bangett real pict. terimakasih lazada dan seller 😘,5
Keren abis pokonya..makasih Lazada...judulnya juga ramah udah biasa antar...Poko.e topppp,5
oke lah.. makasi lazada.,5
"woooowwww mantap, bagus banget... semoga awet yach warna nay nggak pudar👍🏻👍🏻👍🏻",5
cantik...cocok di tangan q...trimakasih...,5
"mantul gelangnya, harganya murah banget ",5
"cantik gelangnya,,,cpt sampe barangnya mkasii lazada&mkasii jg bt mas kurir nya ",5
barang sudah sampai okkk,5
makasih lazadaa. barang sudah sampaii semoga awet. mkasih untuk kurirnya jugaa baik dan ramahh😊,5
alhamdulillah brg nya dah nyampe kmren ..realpict..,5
real pict. cepat sampainya. kemarin pesen besok Dateng. thankyou lazada thanks seller,5
cantikk sesuway ,5
kereeeeeen realpict,5
"barang sampai sesuai estimasi..
barang bagus real pict",5
"mantap gan,,, bagus",5
mantap deh ,5
Terimakasih.. suka bgt sama gelang nya,5
"thnks lazada, paketnya sudh sampai,.
kurir NINJanya ramah😁🤗🤗🤗",5
bagus banget suka 😀,5
barang nya bagus...sangat memuaskan..,5
barang bagus dan sampay dengan selamat,3
bagus gelangnya..suka sekali☺☺,5
gelangnya Bagus.. sesuai gambar.. top lazada.. ,4
bagus bgt aslinya,4
barang oke,5
barang oke,5
gelang nya bagus kaya mas bneran ,3
suami sampai ikut senang..makasih gelang ny baguss,5
Muantebbbbb,5
bgus gelang smg ajah ga gatel,5
good,5
cantik gelangnya akoh suka 😘🙏,5
"Barang nya bagus , kurir nya juga ramah",4
Barang dh smpe real pic.q ska mkch lazada sukses selalu,5
bagus sesuai gambar ,5
bguss bngettt real pickk good,5
gelangnya bgs mksh lazada N seller urk bank kurirnya udh langganan mksh ya.. ,5
"barang nya bagus sesuai gambar,nyesel beli atu nih
thanx lazada",5
bagus ga ngecewain...,5
tirima kasih lazada gelang nya bagus ga nyesal loh,5
"gelangnya cantik.. 
free buble meskipun sedikit.. 
suka bnget...",5
"gelanggnyaa bagusss,  realpictt💕",5
Keren Thanks you,5
"sangat sangat puas
bahkan lebih cantik aslinya",5
gelang by bagus sesuai pesanan saya suka,4
"Bagus banget warna sesuai pesanan, beli pas flash sale dpet harga murmer, mantapp",5
"gelang ny bguss bgtxz  kk trima kasih
",5
Bagus sesuai gambar,5
Gelang nya bagus mks Lazada dan SELLER,5
bagus.ga da yg cacat,5
cantik gelangnya,5
cantik..  tpi kegedean. hehehe,5
"real picture ,, bagus bangettttt
sukaaa pokoknya",5
"Bagusan bangettttttt , sesuai dgn d gambar",5
"gelang nya bagus,aku suka bgt....mkch lazada",5
barangnya bagus semoga awet ga luntur 👍👍,5
"mksh , gelang nya santik bagus bgt...pas di tangan nya juga, murah tapi ga murahan.. ",5
aku suka cantik gelangnya,5
"bagus banget ini gelangnya,moga aja warna nya gak brubah",5
Baguss banget gelang nya 👍,5
Bagus gelang nya mba,5
"Galangnta cantik banget 
Pekingnya juga rapaih mks lazada ",5
"barang cantikkkk,
terimakasih lazada😍",5
bagus gelangnya aku suka,5
bagus bgt gelang ny ..sukaaa.. makasi lazada. kurir nya juga ramah..,5
cakep,5
bgs bgt kyk mas asli q suka dan kurir nya ramah skss sll mksh lazada,5
good,5
bagus,5
"bagus sesuai pesanan,, lebih indah asli ny drpd di gambar,, ",5
cantik bgtttt suka sesuai gmn😘😘😘,5
brgy bagus..kuriry jg ramah dh langganan..thanks lazada,5
bagus bgt....sy suka.next time order lagi......,5
😘😘😘😘Dah gak bisa berkata2 untuk lazada love pokonya😍😍,5
"bagusss bangett, sukak😍",5
"bagus gelang nya, sesuai pesanan, terimakasih🙏",5
gelang y cantik bngt,5
"bagus,kaya emas beneran 😊",5
suka bangett ...saya pesen sama jam tangan tapi ko belom Dateng yahh ,5
Cpet bngt ..baru kmaren pesan dn skrang udaah nyampe.. Kurir nya juga rama .. Makasih lazada,5
paket sudah d terima.. Bagus sesuai gambar... pengiriman cepat baru kmrn hr ini sdh dtng.,5
gelang bagus saya suka sesuai gambar,5
alhmdllh pesenan sesuai gambar..bgs sya suka mkch lazada,5
Bagus gelangnya saya suka bgt ,5
Gelang nya bagus..makadih seller dan lazads,5
"realpic bgt , suka bgt cantik bgt pas d pake pokonya suka bgt.",5
Mantul sesuai gambar,5
"keren bngt,cpet sampe brang jga oke lingkaran sesuai sm tangan ku yg kcil,semoga awet ya",5
Brg ok n pas utk wanita yg punya tangan kecil,5
Bgus bnget gelang ny mksi ya lazada kurir jga ramah bnget ia the best deh..👍👍👍,5
Real pick bagus aku suka kurir ramah mantap ,5
cantik glang ny ..bakalan order lgi .. ,5
wowwwwwww bagus bngetttttttt mau orderrrr lagi ahhhh,5
bagus bingiiiiiit gelang nya mkadih lazada.,2
"bagus banget buat harga segitu,aku sukaaaaa😊😍",5
alhamdulillah bagus gelangnya mksh ya lazada,5
"cepet luntur huhu
",5
trmksh paketnya sdh sy trima brg nya bgs banget smoga awet g cepet pudar🙏,5
sesuai gambar... realfick ,5
bguss ok gelangny,5
bagus sesuai permintaan verry happy😍👍,5
thanksyuu kakk😍,5
Gelangnya bagus aku suka,5
Real pict sukaa bgt baguuus,5
gelang nya bagus ..aku suka,5
Alhamdulilah...barangnya bagus sesuai gmbr makasih lazada,5
realpict sesuai gambr 😍😍,5
"awww bagus bangett,ibu aku suka bgtt...yukk di order buruan kerenn lo gelangnya imuttt ",5
bagus bagus sesuai dgn gambar ,5
real pick gelng ny,5
Bagus banget aku suka barangnya ,5
Gelngnya cantik sesuai gmbar😀,5
keren...mksiih lazada ,5
suka bangettttt. Ilove lazada,5
barang bagus ga nyesel deh belanja d sini makasih semua nya.,5
Gelang permata nya lucu banget aku suka sekali lazada semakin didepan ,5
bagus.. pengemasan nya rapih.. kurir juga baik.. top pokok nya,5
"Ya  lumayan lah utk harga segitu, kurir nya dah langganan",5
"gelangnya bagus
",5
"realpic.tp gk tau luntur apa enggk
semoga awett",5
terima kasih.udh dtg lg jadi 5,5
bagus sesuai yg d gambar y..👍,5
mmantul pkoknya dan lmyan lama jg sih karatnya😊,5
biar bintang yg bicara,4
"barang bagus,sukaaa banget smoga awet,pengiriman lebih cpt dr estimasi,, tks lazada..",5
gelangnya baguss,5
krn sesuai gambar..kurir jg yg langganan ..mksh lazada ,5
gelangnya bagus realpict,5
brang y realpick..mksh lazada ...,5
"bagus bnget gelang nya kak,,aku suka",5
gak sesuai merah gede item kecil ,2
"sayang mesen warna item yg dtng merah, sedikit kecwwa😐",2
sesuai pesanan,5
Sngt bagus..aku suka,5
ok sesuai... ,5
paket dah sampai sesuai pesanan....makasih lazada,5
"Sesuai harga itungan"" beli baso lumayan buat uang segitu mah",5
paketnya dh sampai..gelangnya bgs..sy sk mksih lazada..,5
Biar bintang yg berbicara👍,5
syantiek 😍😘,5
barang uda sampai dengan baik.. saya suka barang realpict makasih lazada😀😬,5
maaf telat ksh ulasan...bgus bgt sesuai sma yg d pesen ,5
Gelang nya bagus moga moga ga luntur ya,3
Makasih ya gelangnya udah aku terima bagus lucu kecil...,5
"gelang y bagus saya suka,pengiriman y jga cpt,trims lazada",5
bagus pengiriman jga cpet ,5
"Barang Bagus Sesuai gambar .. makasih lazada
",5
minta black dikasih red,2
aku pesan 3 yg 2 ok tp yg 1 nya kecewa ga sesuai gambar bintang nya 4 aj,4
gelangnya bagus.. okeeee,5
barangnya bagus banget alhamdulillah saya suka kurir baik dan ramah udh langganan,5
"suka bgt..gelangnya bgs


",5
"alhamdulillah paket pesenan sy udh nympe,brng bgs mdh""an g luntur d pake'y....kurir'y jg baik",5
siipp bagus banget,5
suka sm gelangnya tp gioknya kegedean di tangan aq coz tangan ku imut,5
Gelang nya biasa aja... ,5
Bagus tapi sayang luntur baru tiga hari di pake dah putih,5
"brg udh dteng,,real pic,,mksh lazada",5
"relpic bnget ,mksih lazada kurirnya juga rmah",5
gelangnya bagus saya suka thanks lazada,5
"gelang nya cocok dan sesuai
",5
suka jg aq sm gelang'y manis  thanks  Lazada  n mas kurir Yg sdh anter paket ,5
"maaf ka baru komen,ini bagus banget,tema kasih ka')abang kurirnya juga ramah",5
"ok, kinclong seperti aslinya, dengan harga segitu sangat memuaskan",5
top ga nyesel blanja d sini,5
lumayan barangnya,4
slalu puaa blanja di sini..barang realpict i love it😍,5
paket belum saya terima ,2
Alhamdulillah udh nyampe barangnya bgus pokoknya puas mksih lazada,5
lumyan dgn hrga segtu...di pertahankan ia kwalitas na,5
saya selalu puassss,5
saya selalu puassss,5
suka banget ga nyesel,5
syuka skaliii... ,5
barang sesuai pesana dah tidak meragukan,5
barang realpick,5
puas..... baguuuus,5
bagus gelang nya. suka bngt,5
bagus bnget n sesuai ,5
"Gelang nya Lom saya terima ko udh ada yng Nerima,,gmna sh kak?????kecewa udh 2x,gagal",1
lumayan sesuai harga,5
pesanan ya sudah di terima dengan baik sesuai dgn pesanan makasih lazada n kurir ya ,5
"notif nya udah di terima,tapi saya blm ngerasa nerima",5
bagus banget,5
gelang nya bagus dan saya suka pokok nya sip deh blnj di LAZADA ,5
gelang y baguss,5
"syukaaa, uwuuu",5
"waaw meizing sy suka sx,,,👍👍👍",5
baguuss aku suka ,5
"bagus, sesuai sepeti di gambar, kurir jg baik ",4
"barang nya bagus pengiriman ny cpet kurir ny ramah
",5
bgus gelang nya cocok bngtttt,5
baguss pokoknya good,5
bagus  bangett sesuai gambar lucu😘,5
"Gelangnya Bagus ,,Cantik banget",5
alhamdulillah bagus bangat,5
oke gelang nya....bagus..mudah mudahan gak cepet luntur,5
Bagus gelangnya,5
Kecewa..minta hitam dikirim merah...jd ga metch sn kalungnya..kalung sy warna hitam..,3
barang dah sampe tp warnanya ga sama ijonya muda kalo di gambar ijo botol,3
bagus semua brg nya... bakal order lagi... mksh,5
gelang nya bagus ,5
luar biasa ga pernah kecewa dari pertama sampai sekarang,5
barang bagus semoga gk mudah pudar,5
bagus next order kalung dg model yg sama,5
Bagus kaya asli,5
"gelangnya bagus bngt,sama ky yng di gambar pokoknya ga kecewa",5
"bagus banget gelang nya, saya suka",5
kecil ngga muat ,5
"gelang bagus sesuai dengan pesanan ,terima kasih Pak kuriir

",5
real pict..mksh lazada n sellernya..,5
Gelang y cantik...mantap aku suka bngt..,5
"gelangnya bagus pokoknya puas, langsung order lagi mudah""an orderan sekarang sama bagusnya",5
bagus Banget,5
"barang nya bagus bgt q suka, pngriman cepat packing rapih thx",5
sesuai gambar,5
"bagus anak sy suka,makasih Lazada.",5
bagus sesuai gambar aku suka,5
lumayan dg hrg sgitu,5
bagus sih tpi syang gelangnya GK muat d tngn sya,5
wow...gelang nya keren banget matching sama kalung nya...sukses selalu ya buat toko nya ,5
gelang bagus banget.. ,5
Lumayan jg barangnya.. Pengirimannya jg cpt.. Mksh lazada,5
"Barang nya bagus,,di kira giok merah nya besar tp gak masalah.. makasih lazada",5
sangat bagus,5
trmksh paket nya dh datang.maap baru ngasih ulasan.kurir nya baik,5
kerennn habisss....😍,5
gelangnya bagus sesuai gb ,5
trima kasih lazada barang ny bnr2 real sy suka,4
bgus hny warnany terlalu kuning,5
"bagus gelangnya, semoga ajah gk cepet luntur, makasih lazada",5
Bagus banget..,5
Bagus gk mengecewakan. abang kurir.a uda langganan.,5
"alhamdulillah barang sdh sampai,sy suka sesuai yg di gambar,terimakasih lazada dn kurirx",5
imut2 warnanya bagus2 ..,5
Alhamdulillah... Keren bgt Gelang nya... 😍❤kurirnya juga tp,5
bagus bnyak yg suka warnanya juga cantik,5
bagus banget bnyak yg suka,5
bagus bnyak yang suka ,5
bagus bnyak yang suka ,5
siip real pict mantul sekali,5
"gelang'y bagus lucu
tnks lazada",5
"sy suka brngnya bagus..nggk ngecewain, kurirnya jg ramah..mksh ya lazada",5
"bagus, 💟💟💟💟",5
bsrangx bgs.ma ksh🙏,4
barangy bgus ,5
"real pic,,mksh lazada",5
bagus bngt asli nya ❤️❤️,5
alhamdulilah dah nyampai .packing rapi kurir ramah...malsih lazada😍😍😍,5
"gelangnya lmyn bagus,makasih lazada",5
"bagus..realpict
",5
Sip .. relpick sesuai foto  & pesanan ! Smga larismanis tokonya ,5
barang bagus ngk kecewa ,5
 kecewa.... gelang nya cacat pengait nya rusak,2
"barangnya bagus, real Pick, kurirnya ramah dah langganan, mksh lazada",5
Glgny aku suka bgs trima kasih,5
Barang bagus sesuai yg di photo👍👍👍👍,5
good ambil 3 pcs sudah ludes aku jual..😂,5
bagus bngt suka sekali😍😍😍,5
maaf baru kasih ulasan..gelangnya the best aku suka..mau beli lagi tapi dicari ga ketmu ,5
kereeeennn👍🏻,5
bgus bangt sesuai selera sya.. mksih lazada,5
"terima kasih barang sdh smp, ",5
mksh brang.a bgus tp liontin ijo .a gk sm kya d gambar tp aq suka ko,5
barang udh sampai ok bgt lah,5
"bagus..sesuai dengan gambar 
",5
Bgs gelangnya semoga awet ya kuningnya ..thanx lazada,5
gelangny mantulllll...bagus bingitz...kurir ramah...lazada it's ok👍,5
sudah diterima tp ko gelangx yg satu agak berbeda,5
biarlah bintang yg bicara...,5
bagus gelangnya ... suka skali,5
Murah n awet lg,5
"barangnya mantab
istri sy suka",5
"Alhamdullah gelang nya bgus""dn kurir nya juga sllu sopan",5
ITU glang d kasih siapa? Saya blum nerima glangnya ga amanah banget kecewaaaaaa,5
bagus gelang nya ..,5
"bagus  imut sesuai pesanan
",3
mantap sekali barang nya sesuai semoga awet ya👍👍👍👍👍👍👍👍👍👍👍,5
aslinya cantik bgt,5
Cantik syekalie,5
"gelangnya bagus,aku suka",5
telah d tema cm TDK sesuai pesanan pesan 2 merah SM biru..yg DTG keduaxnerh,5
bagusssss...udah di ambil barangnya sama yg pesen.jadi gk bisa di foto.sesuai dgn gambar deh..,5
"barangnya sesuai, kayaknya mau order yang warna hijau deh,.. makasih min.",5
suka bangettt😍,5
"ga sesuai gambar mutenya digambar bening pas asli apan kya main anak"" yg ditukang jepitan",2
baguuuusssss,5
Terima kasih lazada hasil.a memuaskan dengan yg saya harapkan ,5
Mantul... Saya suka,5
gelang nya mantap.real fict,5
brangnya bgus aku suka mksih,5
"Gelangnya bagus
Saya suka
Trimakasih lazada",5
terimakasih paket sudah dteng wlaupun hujan kurir y baik...,5
"gelang ny cantik""",5
bagus bgt sesuai gambar,5
blm dipake . semoga aja awet ga luntur,5
real pick bagus semoga custq suka.  mksh ya kk,5
gelangnya sangat cantik dan kurirnya sangat rahma,3
"gelang na cantik cpt smpe na lg,trma ksh lazada ",5
gelang ny bagus bgt...top bgt pokok ny ,5
cantik  terimakasih,5
"gelangnya bagus...
datangnya pas mau dipake..
keren
tks lazada, kurir juga Ok
pertahankan.",5
barang bagus sesuai pesanan ,5
"Alhamdulillah bagus gelang ny dengan harg 6rb,,, makasih seller,, lazada N buat abnk kurirnya ",5
bagus gelangnya... realpict. moga awet ya. kurirnya dah lngganan jd cpt smpenya,5
Barang murah tapi ngga terlihat murahan waw,5
"Realpict,,, seneng kurirnya dah langganan, Sellernya jg amanah,,, bgs gelangnya🙏",5
bagus gelang nya saya suka sesuai SM yg digambar....kulir nya baik sukses terus,5
"gelangnya cantik...mungil.....suka.... makasih buat semua yg terkait..
",5
bagus sesui,5
"Mantef 
Ap lgi kurir.y gokil udh ky tmen Z tiap pngrimn psti dia yg antr😀",5
Sesuai pesanan.,5
"suka sekalii.. reall pict 
keren lah",5
gelangnya bagus kurirnya ramah,5
gelang nya bagus kurirnya ramah mks lazada,5
"bagus gelangnya, kurirnya ramah",5
"barang sesuai pesanan semua.. cpt nyampe nya lgi .
terimaksih..next pasti order lagi ..",5
top markotop dech blanja di kawan abdi 😊,5
gelang nya bagus realpict banget .. makasih lazada ,5
"bagus..udh 2 kali pesan d toko ini,GK mengecewakan barang nya..",5
reakficttt😍,5
"slalu puas belanja disini... 
trimakasih 🙏🙏",5
cantik gelangnya... top markotop,5
bagus sy suka,5
cantik bgt gelangnya..nyesel bli nya satu,5
gak pernah kecewa barang sesuai,5
Alhamdulilah pelanggan saya ga keCewa bagus banget gelang nyah,5
aq suka lucu ,5
"trmk's , barang bgs. dan blm dipakai .",5
bagus bngt gelangnya...,5
cantikan asli  ny okok,5
"mantul sesuai gambar mudh"" an ga cpt pudar ya pengiriman jg cpt kurir jg ramah ",5
"Gelang nya bgus, lucu,kurir nya baik trima kasih lazada",5
paketnya udah datang.saya suka gelangnya sesuai pesanan.cantiiiik.thanks lazada,5
Sangat memuwskan😂😂😂,5
bagus banget gelang nyaaa.....,5
barang bgus pengirimn cpt aku suka ..,5
"bagus bangt gelangnya jd seneng deh, terimakasih lazada",5
kak kog hilang satu mutiara nya ,4
warna ya ijo muda,3
"gelangnya bagus banget,suka banget deh, terimakasih lazada",5
"Gelangnya bgs saya suka thanks lazada, thanks kurir yg baik👍👍👍",5
maksih brg sdh dtg...cekep sih...,5
Biarkan bintang yg berbicara,5
bagus suka banget,5
"gelang nya bagus realpict aq suka 😊
mudah""an gk cepat luntur
",5
Bgus bgt gelangN... Real pict👍👍,4
"sudah 2x belanja di sini selalu puas Ya,..",5
malah lazada gelnx bagus sesuai pesanan lazada selalu ok,5
biasa2 saja sesuai dng harga yg murah,3
"Makasih barangnya bagus, packing rapi dan cepat sampainya",4
bagus gelang y,5
"gelangnya bagus sesuai realpict & wrn emasnya gloss, aku puas & senang",5
realpict👍👍,5
bagus dan real pick,5
brg nya sesuai pesanan.. bgs . thx lazada.,5
Bagus.. Sesuai... Thanks... Lazda n seller... Kurirnya dah langganan,5
barang di terima dengan keadaan baik terima kasih ,5
Bagus suka bgt..tx lazada,5
"dengan harga sgtu,gelang nya bgs bngttt, kurir nya jg ramah, mksh",5
4 macam produk bintang 5 semua deh toppp😍😍😍,5
kecewa ..beli mutiara nya yg agak gede...d kirim yg kecil......gagal ,5
alhamdulillah  paket nya udah nympe.. real pick lgi.. mksh lazada,5
barang y bgus sesuai pesanan sukses trus buat lazada,5
sangat memuaskan dan bagus real pic like ♥️♥️♥️♥️♥️,5
bagussss,5
"brng udh sampe sesuai gambar, bbng kurir ny udh langganan ",5
"gelang nya bagus😍Sesuai pesenan
",5
bagus,5
Mantap ,5
👍👍👍,5
top deh...,5
bagus banget ngak nyesel,5
makasih paket dah datang,5
gelang nya cantik. ,5
Alhamdulillh brang dah sampai cantik.. Kurirnya juga salut mpe mlm msh bsa ngantr.. 👍,5
"Barang dah sampai,real pict bgt,suk
aa,terimakasih",5
"paket dh smp.gelanya bagus sy suka
trmksh lazada....",5
Bagus sya suka,5
"bagus brangnya, mdah2an awet y ! mksh lazada",5
barang lumayanlah,5
Good jobb...suka bngt kurirnya jg baik..mudah2 awat ngk cepet luntur...,4
gelangny cantik saya suka trimaksih smuany ,5
"bagus,,kerenn ga cpt luntur,, kurirnya ramah,, pertahankan👍",5
cukup..lah kira in batunya agak besar ternyata kecik2,2
bagus sekali🤗,5
"sorry baru kash ulasan, gelangnya bagus di pakek 2 mggu tidak pudar warnanya, mksh lazada",5
Sangat memuaskan,5
bagus anak sy suka ,5
"barang bagus, thAnks lazada dan kurir",5
"Suka sekali gelangna murmer n cantik sekali  kayak emas asli lho n gak mudah luntur,,mkasih seller",5
"mohon maaf di status sudah diterima, tapi saya pribadi belum menerima paketan pesanan saya. ",2
makasih lazada aku puasss buanget gelangnya bagus kurirnya jg baik lg sipp lah...,5
"sangat suka sekali...
kurirnya juga baik...
",5
gelang ny bagus aku suka,5
bagus ga kecewa deh pokonya,5
"Sorry telat beri ulasan

barang real pick dan kurir nya ramah ",5
gelangnya cantik. pertahankan lazadaa,5
barang sudah sampai saya suka bagus barangnya sesuai dgn gambarnya ,5
Bagus bangetttts ...😻q syukka q syukka😽😽👌,5
"kurir tamah 
barang bagus.mks lazada",5
muantaaaaaàf👍👍👍👍,4
Ok bgt pokoknamah,5
cepet banget datangny...bagus gelangny...sukaa...thx laz.😊,5
"Gelangnya cantikkk...pas banget ditangan..
Pengiriman cepat bngt..recomended 
",5
"barang.y bagus, real pict dan sesuai dgn pesanan..good job bwt seller.y..mksh lazada n seller",5
Bgus sesuai gmbar mkcih lazada sukses sllu y,5
trimakash...brangnya bagus sesuway d gambar...pengirimannya cepat ...kurirnya juga ramah,5
gelangnya mantul aq suka,5
bagus banget gelang nya kaya emas asli 😁,5
"bagus barang nya..
senen deh dapet kurir ninja terus..",5
ohhh bagussss,5
Pengiriman nya cepat real pict sesuai pesanan tidak mengecewakan thanks lazada ,5
good im solike,5
"Paket mendarat dgn mulus, sesuai pesanan. Thanks seller n lazada, sukses slalu.... 
",5
"bagus.... semoga awet
mksh lazada dan toko kawan abadi",5
Blm sempet dbuka,5
Sangat puas..makasih...moga awet,5
kuril y langganan,5
Trimksh Lazada....buat pelayanannya.. sukses terus y....🤗,5
"brang ok,pngriman cpat smoga tdk luntur jadi lngganan",5
sesuai dengan pesanan ...,5
gelangnya cantik sekali 😊,5
maf baru ksh komentar gelangnya cantik ak suka mudah2an awet,5
Best banget,5
"gelang nya mantp,,,,",5
"barang nya bagus sesuai dgn gambarnya,love deh lazada....😉😉",5
anak aku suka ,3
"alhamdulilah barang nya udah saya terima
aku suka skali bagusss",5
"Barang realpict, dpt bonus cincin lagi. Mamaku senang banget. Makasih ya seller. Sukses selalu...",5
"Brangny bgus saya suka,,,
Mksih lazada,,,",4
"Bagus gelangnya saya suka, packingnya juga rapihh sesuai pesanan.. ",5
Gelang nya bagus banget 😍,5
"pengirimanya cepat,barangnya di kemas denngan rapi,saya suka sesuai dengan apa yg saya minta",5
"cantik gelangnya, makasih",5
trimakasih mantap👍👍👍,5
ŧɛřımą ҠąŞıɧ.ٳąʑąɖą    ცąřąŋɠ ცąɠųŞ.  ŞɛŞųąı ɠąmცąř.   ...,5
bgus real pict.... mantul,5
beautiful ,4
😍😘😉,5
dr prtama beli msh awet q pk,5
"Real pict.. trim's ..
lazada jd ketagihan belanja di lazada..",5
sudah dtrima hanya kecil hampir tdkmuat dtangan tapi  oklah,5
Sangat bagus,5
baguus sesuai,5
Barang ny okkk... banget..😚😚,5
cantik gelangnya,5
"Poko.ny top bgd deh,,kurirny jga ramah",5
Udah murah keren pisan.teimakasih,5
Bgus skli puas bngt,4
cakep gelangnya saya syukaaaa sekaliiiii,5
keren gelang nya lucu imut.  terima Kasih  .,5
"makasih gelangx bagus2
cepat lagi, kurirx ramah, 
mau pesen lagi say
terimakasih lazada",5
Barangnya bagus realpct pas ditangan saya yg mungil,5
Produk bagus... okelah untuk hrg segitu y.... ,5
dah 2 x Bonia d sini hasil nya memuaskn sesuai gambar makasih Lazada,5
Bagus gelang ya.. ,4
mantap sesuai dengan keinginan,5
bagus bangeeettt,5
"terima kasih 
",4
"bagus bagtttt
",5
bagus saya suka,5
bagus sesuai.....😊😍,5
Bagus  dan  cantik  tp  pengiriman nya  yg  lama ,5
cantik ssuai gambar,4
barang sesuai harga..,2
Bagus sesuai gambar rel. Pick tp mau koreksi dikit warna kuning emas'a kurang terang #mnurut sy,5
gelang nya bagus bgt real pict...pngirimannya jg sgt cepet,5
gelangnya cantik,5
"asli'a bagus bgt, semoga awet.",5
bagus... sesuai gambar,5
"bagus, real pict",5
Cantelannya gk berfungsi gk bsa d pake jg,1
V nice l like it 😍😍,5
ok gelangnya mudah2an g cpt luntur,3
"mantul we lah trima kasih lazada atas promo nya kapan promo lg ????......
",5
"packing ny kurang bagus , cm d bungkus buble plastik doang .. ",3
"bagus seperti mas asli,cuma saja gak muat di lengan saya",5
"Bagus sesuai order,,makasih Lazada,, 
Tingkatkan terus yaa disconnya ",5
Bagus bngt cuman sayang warna ja sebagaian pudar jd putih,5
Selaku puas blnja disini barang realpic n pngitiman'y jg cepet....😍😍😍,5
"Barang bagus aku suka, thanks lazada",5
Bagussssss sesuai gambar,5
thx aku suka bngt gelang ny keren,5
barang bagus sesuai gambar,5
lumayan cantik gelang nya,5
Bgus smg sj awet,1
Mksh lazada paket udah diterima bagus banget pas ditangan g kecewa da belanja dilazada,5
Mendarat pas ok,5
Bagus asli bagus sesuai pict,5
"Mf Bru ksh ulasan, gelang'y bagus sy ska,thx lazada n seller'y.",5
siip,5
bagus,5
puass😍,5
bagus....thx lazada,5
cantik aku suka,5
bagus bgt sesuai gambar...q suka..,5
"Bgs gelang 'ny,cpt lg smpe 'ny...kurir ramah udh langganan ",5
Gg ssuai dan kurir nya kurang ramah terburu2,3
Bgs mudah2 an gak luntur,5
barang real pick pengiriman cepat makasih lazada,5
"suka, bagus, sesuai kayak di foto.. thank youuu..",5
dh nympe cntik bgt.tks ya,5
"cept dtg nya thnks lazada ,,kurir nya lucuu 


",5
gelangnya bagus ,5
glang nya bagus ,5
sesuai gambar t.o.p,5
Pket nya dh smpe lmyn bgus gelang nya,5
barang bagus cuma pengirimannya yang lama,5
kecewa bgt minta wrna gold eh d kirim silver ,1
bgusss bnget,5
"barang nya bagus, smoga kualitas nya jga bagus",5
ini gelang cantik semua sy suka 😍😍mksh ya... smg g luntur aja... harga murah tp bagus💕,5
bguss... dan sesuaii gmbarr.. trima ksih.. ,5
poko nya mantul dech,5
gelangnya oke banget...cantik juga,5
memuaskannn👌👌👌👌👌,5
bagus sekali gak ngecewain deh mantap mantul ,5
good,5
Makasi y. ,5
cantik😍😍,4
lucu ish,5
Bgus bngt,3
bagus,5
baguss,5
👍👍👍👍👎,5
oke,5
bagus,5
bagus,5
bagussss😍,5
good.. ,5
bagus ,5
aku suka,5
