review,rating
alhamdulilah sesuay pesenan.barang nya juga bagus..leseler nya juga ramah..maksih lazada.pertahankan😊,5
bagus dompet nya. sukaaaaa 😍,5
bagus 👍👍👍👍,5
makasih Lazada.. dompet ny bagus sesuai sma yg ada di peac.. pkok ny pUas deh,5
maaf baru kasih ulasan terima kasih paket nya sudah sampay dan sesuay gambar bahan nya juga bagus pengiriman cepat saya suka banget ,5
dompet nya bagus terimakasih,5
puas banget barang nya sama dengan gambar Poko nya puas banget kurir nya jga ramah makasih ,5
syantikkkkkk bangetttt..🥰👍,5
relpict dompetnya lucu,5
"barangnya bagus pengiriman cepat
",5
dompetnya bagus relfiet bngat,5
barangnya mantul...,4
maksh pkt ny udh datang ..sesuai gmbr ,5
👍👍👍👍👍👍👍👍👍👍,5
Makasih bagus barangnya semoga makin banyak peminatnya cepat pengirimanya,5
"bagus bgt 😍
trimakasih atas free nya y 🥰🥰",5
apa nya ini knpa yg di kirim mutiara smua,2
selalu puas order di toko ini😘😘,5
bagus,5
Puasss,5
bagus dompet nya  😍,5
Keren bhn tbl,5
Barang bagus sesuai real fiks pokoknya untuk kurir juga ramah..mksh lazada,5
😍😍😍😍 lucu bngt barang bagus,5
bagus dompet. a,5
bagusssssssssssss bngetttttttttttttttt😘,5
Mantap sesuai dengan keinginan saya,5
Bagusss cuma kurang gede,5
"dompet nya juga lucu bahan nya lembut😍😍😍😍
",5
bagus bngt,5
😘😘😘👌,5
😘😘😘😘,5
Bagus,5
☺️,4
