review,rating
kecil  makasih,5
