review,rating
alkhamdulilah barang sampai dengan baik.pakingan nya juga rapi.walaupun pengiriman nya lama.tapi q senang barang bagus sesuai gambar mantep bangaet.makasih lazada.,5
"gak nyesel beli disini...pokonya mantap jiwa pas top markotop.... kurir ramah , pengiriman cepat...berkualitas tinggi",5
"Alhamdulillah gamisnya bagus,suka bgt,pas dibadan panjangnya pas,sesuai gambar,amanah bgt toko ini,recomend bgt,pnjual ramah jg,terimakasih lazada dan seller",5
barang ya bagus saya suka.😍😍,5
"paket udh nympe,sngat puasss sya bju ny bgus,motip ny sesuai gmbr,trmksh lazada jga kurir ny baik yg biasa udh jdi lngganan,tr sya psen lg,
",5
"Alhamdulillah bagus bajunya sesuai gambar, pengiriman cepat kurirnya ramah pokoknya mantul dech thanks semuany",5
"bajunya bagus, sesuai dgn gambar dan bahannya pun bagus bordiraannya rapi, pokoknya istri saya suka, trimakasih lazada
",5
"makasih lazada,bajunya bagus tdk mngcewakan😍😍😍..pas di saya,,puas dehh,,lancar trus...😉",5
"bajunya sesuai gambar,,jahitannya ug rapi..pkoknya the best la👍perthankan truss,,",5
puas banget 😍,5
di gambar bordirannya banyak tp yg datang bordirannya sedikit,5
Bagus pelanggan saya puas pertahankan itu,5
barang baguss tp pesan kecil knp datang yg gede,5
"Bagus banget,,puaaas",5
top bangeet,5
"sangat sangat puas ,bagus bgt ",5
bagus bjunya,5
mantull skali pngen bli lgi 😘😘😘,5
Bajunya bagus👍👍👍,5
"mantap deh pokok'y,, tp sayang gx nyampe rumah.",5
Baju y tipis panas lagh bahan y,5
siiiiipp baguuuuuusss 👍👍👍👍,5
realpic banget . mantul pokonya,5
Mantull bgus bgt. Mksh,5
mantap caur,5
"puas,barang sesuai dengan gambar ,,semoga di jada trs dan sukses yaaa",5
puaaaas...mksiiih,5
"Baju nya bagus banget.  Abang kurir jangan bosen"" ngirim paket kerumah ",5
Bahan nya bagus semoga untuk selanjut nya ga mengecewakan😃😄,5
Maaf baru kasih ulasan.baju nyh realfic,4
"Alhamdulillah barang sangat bagus sesuai pesanan ,terima kasih ",5
"Hanya satu kata..""Mantaaaap""..thank's Lazada..beli lagi aaaach",5
mksih,5
"pas banget bagus ....tapi agak kbesaran dikit tapi gk pa""kok....👌👌👌👌",5
"suka bingit  bju nya
ibu mertuaku suka Thanks lazada",5
Gamisnya bgus.puas banget.sampenya cpt.mkasih seler makasih lazada,5
is the best pokoknya 👍,5
"udh dtg bjunya,,tpi bahan nya nerawang g ada lapisanya lg",5
trmksih baju nya udah sampai aq sangt suka bajunya sangat memuaskan,4
Bahan nya tipis bnget pelanggan saya kcewa,1
"Baju nya real pict banget 😍😍😍
umi saya suka , semoga tambah berkah dan selalu amanah ",5
seneng bngt barang nya sesuai,5
pokonya sip,5
Sesuai dgn gambar.....suka...insyaallah belanja lagi,5
"bajunya sangat bgus harap mpertahankan kwalitas.
",4
"jangan ragu beli disini, pokoknya mantap",5
"mantul sama barangnya. good job pokonya👍👍
tidak bosan belanja d lazada. jngan sampai mengecewakan",5
alhamdulillah pesenan nya sesuai sama di gambar,5
Alhamdulillah rel pick...makasih lzada,5
sip,5
baguussss,5
😙😙😙🇮🇩,5
