review,rating
mantul pokok nya ,5
