review,rating
kereeennn barang tepat waktu,4
